ALTITUDE:30000;ISA:+0.0;WIND:0.0

 WGHT;MACH;CAS;TAS;SR;WFE;N1;EGT;CL;CD;ALPH;DRAG;FN;PCFN
 180000.   0.767   290.0   451.8 0.08139   5551.  88.748    632. 0.39241 0.02005    1.91   8973.   8991.    66.6
 181000.   0.767   290.3   452.2 0.08114   5573.  88.840    633. 0.39387 0.02009    1.92   9009.   9028.    66.9
 182000.   0.768   290.6   452.6 0.08090   5594.  88.933    634. 0.39532 0.02013    1.93   9045.   9064.    67.2
 183000.   0.769   290.9   453.0 0.08067   5616.  89.025    635. 0.39677 0.02018    1.93   9081.   9101.    67.5
 184000.   0.769   291.2   453.4 0.08043   5637.  89.117    636. 0.39822 0.02022    1.94   9118.   9137.    67.8
 185000.   0.770   291.5   453.8 0.08019   5659.  89.209    637. 0.39965 0.02027    1.95   9154.   9174.    68.1
 186000.   0.771   291.8   454.2 0.07996   5681.  89.301    638. 0.40109 0.02031    1.96   9191.   9211.    68.3
 187000.   0.771   292.1   454.6 0.07972   5703.  89.393    639. 0.40251 0.02036    1.97   9228.   9248.    68.6
 188000.   0.772   292.3   455.0 0.07948   5725.  89.486    640. 0.40393 0.02040    1.98   9265.   9285.    68.9
 189000.   0.773   292.6   455.5 0.07925   5747.  89.580    641. 0.40535 0.02045    1.99   9302.   9322.    69.2
 190000.   0.774   292.9   455.9 0.07901   5770.  89.671    642. 0.40676 0.02049    1.99   9339.   9360.    69.5
 191000.   0.774   293.2   456.3 0.07876   5793.  89.757    643. 0.40816 0.02054    2.00   9377.   9398.    69.8
 192000.   0.775   293.5   456.7 0.07851   5817.  89.843    644. 0.40956 0.02058    2.01   9414.   9436.    70.1
 193000.   0.776   293.8   457.1 0.07826   5841.  89.930    645. 0.41095 0.02063    2.02   9452.   9474.    70.4
 194000.   0.776   294.1   457.5 0.07801   5865.  90.016    646. 0.41233 0.02067    2.03   9490.   9512.    70.7
 195000.   0.777   294.4   457.9 0.07776   5888.  90.103    647. 0.41371 0.02072    2.04   9528.   9550.    71.0
 196000.   0.778   294.6   458.3 0.07752   5913.  90.190    648. 0.41509 0.02077    2.04   9566.   9588.    71.3
 197000.   0.778   294.9   458.7 0.07727   5937.  90.277    649. 0.41646 0.02081    2.05   9605.   9627.    71.6
 198000.   0.779   295.2   459.1 0.07703   5961.  90.365    650. 0.41782 0.02086    2.06   9643.   9666.    71.9
 199000.   0.780   295.5   459.6 0.07678   5985.  90.451    651. 0.41918 0.02090    2.07   9682.   9704.    72.2
 200000.   0.780   295.8   460.0 0.07652   6011.  90.544    652. 0.42053 0.02095    2.07   9722.   9745.    72.5
 201000.   0.781   296.1   460.4 0.07627   6036.  90.636    653. 0.42188 0.02100    2.08   9763.   9786.    72.8
 202000.   0.782   296.4   460.8 0.07601   6062.  90.728    654. 0.42323 0.02105    2.09   9804.   9827.    73.2
 203000.   0.783   296.7   461.2 0.07576   6088.  90.820    655. 0.42456 0.02110    2.09   9844.   9868.    73.5
 204000.   0.783   296.9   461.6 0.07551   6113.  90.912    657. 0.42590 0.02115    2.10   9885.   9909.    73.8
 205000.   0.784   297.2   462.0 0.07526   6139.  91.004    658. 0.42723 0.02120    2.10   9926.   9950.    74.1
 206000.   0.785   297.5   462.4 0.07501   6165.  91.096    659. 0.42855 0.02125    2.11   9967.   9992.    74.4
 207000.   0.785   297.8   462.8 0.07476   6191.  91.188    660. 0.42987 0.02130    2.11  10008.  10033.    74.8
 208000.   0.786   298.1   463.2 0.07451   6217.  91.280    661. 0.43120 0.02135    2.12  10049.  10074.    75.1
 209000.   0.787   298.3   463.5 0.07428   6241.  91.366    662. 0.43270 0.02141    2.13  10088.  10113.    75.4
 210000.   0.787   298.5   463.8 0.07404   6264.  91.451    663. 0.43420 0.02146    2.13  10126.  10151.    75.7
 211000.   0.788   298.7   464.1 0.07381   6288.  91.537    664. 0.43569 0.02151    2.14  10165.  10190.    76.0
 212000.   0.788   298.9   464.4 0.07358   6312.  91.624    665. 0.43717 0.02157    2.15  10204.  10229.    76.3
 213000.   0.789   299.2   464.8 0.07334   6337.  91.710    666. 0.43866 0.02162    2.15  10243.  10268.    76.6
 214000.   0.789   299.4   465.1 0.07311   6361.  91.797    667. 0.44014 0.02168    2.16  10282.  10307.    76.9
 215000.   0.790   299.6   465.4 0.07288   6385.  91.883    668. 0.44161 0.02173    2.17  10321.  10347.    77.2
 216000.   0.790   299.8   465.7 0.07265   6409.  91.971    669. 0.44308 0.02178    2.17  10360.  10386.    77.5
 217000.   0.791   300.0   466.0 0.07242   6434.  92.059    670. 0.44455 0.02184    2.18  10400.  10426.    77.8
 218000.   0.791   300.2   466.3 0.07219   6459.  92.147    671. 0.44601 0.02189    2.19  10440.  10466.    78.1
 219000.   0.792   300.5   466.6 0.07196   6484.  92.236    672. 0.44747 0.02195    2.19  10480.  10506.    78.4
 220000.   0.792   300.7   466.9 0.07173   6509.  92.324    673. 0.44892 0.02200    2.20  10520.  10547.    78.7
 221000.   0.793   300.9   467.2 0.07150   6534.  92.413    674. 0.45037 0.02206    2.20  10560.  10587.    79.1
 222000.   0.793   301.1   467.5 0.07128   6559.  92.503    676. 0.45181 0.02212    2.21  10601.  10628.    79.4
 223000.   0.794   301.3   467.8 0.07105   6584.  92.591    677. 0.45329 0.02217    2.22  10641.  10668.    79.7
 224000.   0.794   301.5   468.0 0.07083   6608.  92.676    678. 0.45486 0.02223    2.22  10680.  10707.    80.0
 225000.   0.795   301.6   468.3 0.07061   6632.  92.762    679. 0.45643 0.02229    2.23  10719.  10747.    80.3
 226000.   0.795   301.8   468.5 0.07039   6656.  92.843    680. 0.45799 0.02235    2.24  10758.  10786.    80.6
 227000.   0.795   302.0   468.7 0.07016   6681.  92.920    681. 0.45954 0.02241    2.24  10798.  10826.    80.9
 228000.   0.796   302.1   469.0 0.06994   6706.  92.998    682. 0.46110 0.02247    2.25  10837.  10866.    81.2
 229000.   0.796   302.3   469.2 0.06971   6731.  93.076    683. 0.46265 0.02253    2.26  10877.  10905.    81.5
 230000.   0.797   302.5   469.4 0.06949   6756.  93.155    684. 0.46420 0.02259    2.27  10917.  10946.    81.8